29
101
116
135
165
236
404
445
540
565
585
845
885
909
944
954
975
1125
1310
1350
1380
1445
1616
1654
1669
2325
2340
2405
2541
2586
2705
3079
3150
3185
3365
3380
3405
3601
3630
3705
4239
4921
4981
5225
5265
5485
6414
6449
7110
7125
7255
7580
7605
7975
8109
8775
9285
9360
10164
10169
11221
11750
11790
12241
12316
12565
13005
13389
13460
13520
13965
14010
14045
14505
14520
14645
17101
17550
17565
17625
17700
18261
19609
19649
19749
20885
20900
20925
21145
21735
22365
23685
23700
24510
24525
25621
28425
28440
28500
28565
28605
28705
30285
30320
31030
31045
31825
31900
32630
32645
32775
33485
37125
37140
37285
38151
40169
41910
41925
43045
44114
44154
46236
46985
47000
47305
48401
51265
52350
52365
52425
52615
53305
53840
53905
54810
54825
55860
55865
56005
57005
58005
58020
58245
62689
62861
62961
63950
63965
64020
64300
65301
65316
67669
68185
69295
70185
70200
70765
72845
73044
73069
75841
76710
76725
77745
78421
78436
80725
81229
85305
85350
85385
86625
86765
87945
90895
91205
93316
93599
102889
103095
104525
105636
106290
106325
106825
109194
109209
114245
114260
114285
114385
114820
115749
119199
121105
122530
122605
124105
124120
124180
126559
127285
130061
130805
131245
137209
139549
140045
140855
143655
144549
145505
149140
149165
152604
152649
156601
160174
160361
163405
164349
165925
166485
166545
167045
168345
170190
172145
172389
173637
173885
175852
176441
176481
177975
178345
184909
188645
188685
193065
196210
196925
199245
200934
203274
203289
209794
210145
212221
212281
215620
216729
216759
217170
217205
217705
219225
219240
219300
220557
223460
230589
230661
232945
235516
240154
240169
241135
243340
244117
244570
244585
244610
245055
247205
254015
256765
257060
257085
269045
269415
272740
273109
273465
274585
276429
276865
277005
279230
279245
283060
283429
283990
284005
284030
292176
294605
294975
296005
301270
302789
302829
307745
309965
310695
313669
313744
320125
322765
331649
335045
335565
336949
337305
339185
341220
341225
341365
343009
343359
343837
343925
344425
360846
363580
372249
372674
374630
375965
377377
378241
379765
384295
384625
384729
389497
395985
396986
397026
398452
401285
403759
408895
410005
410374
412305
412380
415265
415765
418100
421065
422641
424585
425125
433585
436761
436776
436801
436901
440905
443401
444757
445309
450405
452565
453375
456545
456980
457040
463189
472815
473385
473430
473465
473965
476481
479269
484420
485145
486065
490105
490120
490245
492909
493250
493265
496405
496420
496445
497029
498517
499570
502972
515650
518277
519229
524980
525949
526649
533429
534269
534377
541455
541990
542005
548629
548689
554117
555089
555911
559865
561785
563221
563801
568165
570599
574765
578974
581485
585519
593026
593041
593101
595885
596560
600636
605665
613665
614009
614655
614657
615230
616455
619405
624169
626485
628785
634405
635500
636885
641444
645065
647302
649341
653585
654165
657261
662785
665865
665905
666005
668185
669570
670105
673345
676885
681409
682897
689521
693110
693185
699877
700569
705749
705764
705789
705889
707049
713380
713445
714145
716005
718375
721605
723609
733805
733830
734575
739636
740005
746665
749951
754580
755325
756949
757305
757649
758466
767039
769420
771725
774441
775630
775645
775670
776935
779625
780135
784359
785962
792986
793061
796980
797725
797740
799765
808545
810534
810549
810574
811109
811855
818630
818705
828274
828289
828849
835517
841465
846781
861809
862480
862865
863575
864135
868645
872685
876885
876900
876925
903841
910265
913181
913321
914917
915617
916065
922644
922709
925805
928255
929422
931591
932145
940725
941629
942064
955415
957154
960601
960616
960676
963057
964540
970229
970269
970369
972345
973360
980849
981549
984425
984925
985294
988820
992097
