5
20
45
80
145
580
949
1305
1649
2320
3625
4901
5220
7105
9280
11745
14500
17545
19604
20880
24505
28420
31025
32625
37120
41905
44109
46980
52345
54805
58000
63945
70180
76705
78416
83520
109189
122525
124100
166465
176436
219220
240149
244565
279225
283985
313664
396981
436756
490100
493245
496400
541985
593021
665860
705744
775625
810529
828269
876880
960596
1052725
1102725
1116900
1254656
1347281
1370125
1416389
1485205
1498185
1520225
1587924
1769261
1860545
1960400
1972980
2161341
2167940
2305285
2372084
2592629
2663440
2685445
2822976
3063125
3242116
3313076
3507520
3572829
3702065
3842384
4121741
4161625
4210900
4410900
4439205
4709861
4772065
4877865
5018624
5337189
5654885
5665556
5992740
6003725
6351696
6658801
6709469
7077044
7112885
7294761
7442180
7454421
7841600
8156785
8238581
8294929
8645364
8671760
9061949
9221140
9474525
9488336
9623365
9924525
10370516
10653760
10826309
11291904
11767301
12252500
12747501
13252304
13483665
13549625
13766909
14291316
14808260
14825525
15369536
15387125
15923349
16231025
16486964
16646500
16744905
16843600
17060381
17643600
18236621
18404389
18839444
19452069
20074496
20142265
20706725
20747565
20796001
21348756
22000589
22619540
22662224
23333661
23970960
24014900
24564145
24705941
25406784
26117429
26318125
26635204
26837876
27521045
27568125
28132585
28308176
29058029
29768720
29817684
30587141
30745345
31366400
32155461
32627140
32954324
33179716
33318585
33762989
34581456
35409725
35760449
36247796
37095669
37454625
37898100
37953344
38493460
38820821
39669845
39698100
40585181
41482064
42388749
42615040
43305236
44231525
45167616
45726325
46113509
46513625
47069204
48034701
48108385
49010000
49995101
50411681
50893965
50990004
51583525
51994709
53009216
53934660
54033525
55067636
56111549
57165264
57644705
58228781
59233040
59302100
60093865
60385221
61478144
62580869
63202549
63693396
64815725
65947856
66586000
66979620
67089789
67374400
68241524
69165265
69403061
70574400
71755541
72946484
73411065
73617556
74147229
74654361
75357776
76578125
77808276
78288065
79048229
80297984
80569060
81557541
82826900
83184004
84106061
85270725
85395024
86610285
86693789
88002356
88059985
89320725
90478160
90648896
91166705
91986869
92551625
93334644
94692221
95883840
95927765
96059600
98256580
