257
397
629
836
1177
1440
1818
1833
1901
1937
1988
2210
2263
2280
2501
2516
2612
2845
2861
3039
3188
3389
3621
3654
3860
4053
4105
4541
4693
4708
4813
4930
5381
5415
5746
5917
5981
6245
6452
6570
7410
7517
7640
7695
7748
8090
8130
8164
8365
8465
8516
9066
9096
9300
9461
9495
9605
10016
10253
10448
10568
11380
11453
11880
12357
12373
12555
12585
13026
13060
13255
13556
13605
14601
14616
14936
15709
16130
17165
17680
18164
18421
19517
19684
19705
19720
19769
19885
20338
20353
20372
20490
20520
20877
20981
21029
21524
22455
22485
23837
23924
24621
24770
25445
25489
25611
25641
26298
26313
26433
26893
26910
26948
27229
27509
28449
28661
28725
28936
29145
29285
29559
29600
29869
30125
30879
31261
32520
32654
32910
33860
34554
35513
36169
36396
36535
36655
37149
37445
37844
37980
37989
38286
38316
39133
39225
40064
40254
40825
41012
41093
41157
41261
41295
41934
42006
42021
42036
42061
42690
42860
43145
43273
43408
43617
43935
44101
44244
44274
44345
45085
45812
46114
47009
47160
47189
47576
47785
47905
47965
48105
48255
48486
48766
49428
50220
50245
50260
50634
51130
51225
51250
51613
52104
52240
52280
52374
53290
53876
53895
54205
55041
55669
55693
56025
56096
56221
56460
57090
57861
58029
58335
58365
58565
59367
59590
59605
59725
61798
61813
61933
62554
62649
62674
63053
63469
63974
64025
64530
64810
64945
65537
65588
65744
66305
66690
67111
67654
68175
68205
68605
68625
68660
68997
69660
69837
70209
70236
70501
70516
70856
71065
71185
71200
71730
72805
72829
73125
73189
74583
74703
75097
75696
75725
77300
77569
77730
78285
78820
78861
79778
79842
80710
81865
81960
81985
82309
82330
82345
83805
84101
84116
84685
84825
85845
86721
86856
87029
87309
88220
90361
90991
91290
91570
91665
91820
92277
92367
92470
92585
92929
93301
93321
93954
95348
95377
95517
95533
96589
97980
98415
99080
99125
99645
99905
99982
100780
101477
101775
101805
102085
102205
102444
102469
102484
102829
102974
103210
103615
105192
105641
105901
106328
106810
107055
107670
107792
109101
109218
109290
109305
111053
111097
112137
112389
112586
112855
112965
113989
114269
114644
114685
114825
114965
115085
115365
115405
115479
115744
115896
117393
117408
118400
118804
119029
119970
120250
120290
121125
121545
122471
122511
122554
122626
122641
122761
122929
122970
123105
123692
123759
123990
124129
124265
125786
125820
125850
125921
127182
127227
127381
129077
129616
129885
130046
131640
131665
131965
131985
132545
134397
134469
134773
135885
136165
137074
137194
137474
137604
138085
138393
138528
138737
139140
139165
139575
140130
140410
140530
140679
141250
141430
142052
142405
142805
143442
143790
144414
144913
145232
146620
148296
148686
148901
149221
149285
149700
150025
150394
150862
150973
151093
151302
152705
152933
154485
154520
154530
154767
155957
156314
156621
156885
156900
158415
158700
160169
160491
160853
161092
161605
161865
162162
162258
162393
162727
163270
163365
163390
163774
163950
164309
164469
165044
165180
165594
166207
166494
166869
166910
168116
168745
169085
169205
169825
169865
170105
171714
171954
172101
172296
172479
172509
172929
173092
173632
173941
174447
174793
175857
176601
176976
177021
178729
179650
180244
180325
180677
180711
181116
181837
182234
184509
185000
185209
185329
185344
185649
185713
186245
186798
186813
186832
186933
187500
187918
188357
188367
188640
188756
188785
189085
189236
189855
189954
190245
190304
191090
191359
192162
192657
193505
194129
194533
194602
195030
196205
196602
197277
198061
198895
199690
200830
200929
200960
201488
201653
202069
202536
202581
202881
202905
203121
203370
204862
205335
205677
206957
207002
207309
207378
208190
208254
209789
210169
210685
210965
211854
212230
213530
213810
213914
215485
215580
215605
215625
216261
216269
216309
216399
216549
216855
217208
217690
218455
219249
219385
220971
221370
221729
221770
221850
223014
223080
223230
223800
225921
227297
228125
230409
231045
233780
234175
234445
234910
235014
235085
237653
238360
238865
239205
239670
240114
240144
240385
241095
241865
243325
243345
243645
244077
244122
244594
244666
244681
246270
246334
246360
246765
249671
250014
250294
250429
250734
250758
251217
252125
252212
253822
254382
255746
256785
257120
257175
257625
257949
257994
258015
259230
259399
260186
262148
262612
262976
263365
263927
264260
266310
266565
266724
266745
266760
268047
268345
268444
268945
268994
269530
269935
270800
271270
271605
272605
272700
272745
273114
274606
274640
275350
275914
276525
276961
277096
277425
277705
279254
279360
279670
279765
279790
280986
281481
281605
281629
282045
283045
283065
283424
283605
284014
284230
284365
284663
285714
286255
286959
287269
287297
287348
287504
288687
288837
290257
292500
294117
294885
295110
295140
295990
297255
297445
298812
299295
299670
299700
299983
301265
301719
302674
302784
302900
302929
303229
303685
304085
305262
305358
305493
305850
305880
306255
306300
307117
308301
308316
309200
309604
310740
310830
313684
314068
315082
316210
319277
319311
319716
320130
321346
321380
321850
322119
322750
323070
323094
323630
324901
325581
325621
325861
326093
326162
327742
329625
330789
330909
331654
331694
331945
332265
332550
332565
332894
334314
334380
334530
335525
335685
336404
337605
338527
338740
339009
339170
339730
341385
341456
341760
341785
341805
342174
342269
342289
342549
343014
343054
343842
346957
346973
348301
350550
351720
351905
351945
352407
352880
353000
353304
353349
353649
353889
354606
354701
354925
355417
355534
355837
356377
357543
358117
360484
360549
360758
360966
363645
364029
365345
366125
366310
366445
367617
368122
369025
369369
369567
369833
370340
370885
371025
371325
371349
371394
371415
372389
372613
372770
372804
372834
373209
373234
374150
374485
374625
376065
376365
378165
378246
378695
379215
379630
379750
380030
380160
380565
381575
382068
384421
384630
384645
385174
387202
387373
388133
388597
389457
389502
390217
390342
390429
392194
392965
393805
394745
395005
395540
395655
395805
396125
397116
397521
397866
397890
398457
399317
399892
399913
399928
402210
402240
402514
402769
402788
404154
404550
405150
405549
405605
407125
407405
407514
407535
408005
408229
408975
409990
410270
410334
410870
410930
412745
412840
412885
413145
417069
418245
418645
418661
419570
420462
421342
421759
422626
422946
422970
423506
423730
424575
424605
425115
425145
425545
425565
425825
426495
426870
426900
428010
428025
428145
428474
429036
432702
434033
435287
435774
436334
436505
436785
437405
439297
439710
439845
440410
440926
440960
441670
443029
443909
444388
444717
444900
444925
445335
445485
447037
447205
447591
449525
449969
450495
450525
450945
451335
451860
453420
453510
455841
456429
457076
457125
457405
457525
457805
458085
458365
458429
460002
460113
460233
460442
462175
462471
462790
463489
463584
465477
466130
466783
467247
469197
469901
472177
472950
473925
474230
474334
476141
476505
477061
477425
479065
479622
479693
481095
481700
482170
482341
482394
483309
483829
484425
484725
484965
485150
485190
485220
485861
486070
486085
486927
487874
487909
488090
489159
489197
490201
490216
490504
490945
491044
491225
491565
491655
493274
493380
493690
493785
493810
496429
496516
496545
496985
497829
498477
498522
499666
499681
501582
502353
502977
503357
504152
504361
504481
506751
506919
507240
507950
509045
509901
510309
511481
511850
512206
512550
513542
514343
514647
515487
515610
515645
516370
517429
518464
518868
521602
522042
522730
524965
525245
525285
525909
525954
526654
526669
527889
528057
528820
529199
530302
530473
530945
531525
532830
532969
533434
533474
534382
534397
535031
539597
539642
540250
540421
540606
542014
542086
542101
542430
542525
542830
543110
543180
544874
545393
545457
546879
547641
547896
547961
548845
552037
552120
553572
554112
554837
555094
556295
557074
557634
558477
558743
559995
560705
561045
561065
561325
561790
561830
562716
562754
563386
565590
566134
568170
568685
569220
570679
571790
572070
572110
572605
572670
574093
575160
575185
576133
576202
577530
578070
578429
578470
578590
578870
578969
580665
580730
581605
582173
582637
584014
584865
584966
585615
588965
590877
593156
593866
593906
596884
597325
597565
598774
599140
599429
600185
601545
601941
602177
602187
604173
608654
609054
609158
609184
609654
611732
611813
611877
613314
613670
613710
614677
615326
615360
615390
615765
615790
616070
616279
616850
617970
618777
618849
619565
619965
620375
620525
620710
620996
623070
623910
624154
625897
626581
627540
628790
628805
631637
632701
633625
634705
634800
635105
635485
635505
635805
636365
636890
636930
637857
637938
640105
644368
644861
645070
645085
647262
648369
650065
650080
652916
652969
653750
654430
655230
656541
657917
659940
660176
660214
660902
661935
662650
662745
662770
663154
663330
663821
664229
665319
665940
665961
665976
666025
667305
667476
667490
669970
670090
670650
673229
673645
674045
674325
675685
675940
676914
677289
677647
681399
681429
682857
683617
685636
685758
685773
685792
685893
687252
691374
692368
693930
693960
694335
694380
695610
695865
696810
696945
697671
698381
699172
701245
702385
702925
703985
705015
705077
705845
705909
706329
706629
706653
707285
707325
707565
708094
708839
709522
709618
709753
710082
710362
710660
714029
714445
714954
715350
715654
716010
716145
720815
720853
721701
722485
722708
722844
723258
723429
723684
723973
724662
726222
726525
727065
729167
730857
731221
731241
732006
733920
734365
734940
735439
736180
737637
738349
739621
739641
740000
740181
742439
743362
743802
744533
746670
746685
746750
747192
747328
747697
748389
748479
749909
750714
750785
751514
753550
754430
754725
755125
755415
755445
755865
756255
756909
756944
756954
757125
758626
759125
760470
760750
760854
761350
764360
764405
764665
764705
764945
765130
765265
765669
767846
767880
767910
767981
768630
769425
771845
772565
773317
773362
774486
774790
774805
775654
775741
776029
776490
776895
777330
778029
779490
780447
785957
786682
789012
789093
790682
792804
793826
794694
796782
797425
797520
797535
798605
798674
799305
799770
799810
800865
801866
802706
806525
806612
808165
808215
808365
808685
809645
810309
810324
810558
810630
810645
811069
811094
811374
811414
811473
811815
812585
813675
813690
814673
815900
816295
817684
818861
819221
820350
821010
821570
821741
822465
827535
827650
828101
828385
828505
828834
829218
829932
831605
831620
831645
832097
832318
833265
833310
835522
835537
837346
837615
838186
838521
839585
840661
840676
841485
842205
842925
844405
844485
846766
850568
850897
851642
851981
852050
854265
854401
854446
854589
854608
856183
856855
859493
859537
861814
861829
862485
862500
863021
863671
864530
865300
865770
865994
867415
867681
868635
868665
869065
869085
869345
871858
873130
876909
876996
877025
877465
877725
878565
879310
881114
881489
881530
883616
886215
886525
886645
886665
886925
887205
887400
887445
887745
887769
887985
888210
891190
891205
891325
892534
893221
893316
894645
894709
895357
895429
898653
899813
902818
904521
904725
906356
910130
910629
911301
912010
913341
913988
915622
915637
915885
916110
916140
917165
917703
918093
919999
920671
921380
922174
922254
923409
923449
923525
923805
925810
925825
927281
927322
927538
927810
928215
929055
929382
929417
930142
932029
932845
932909
932949
933645
933685
934180
934245
937105
937582
938582
940685
940815
941649
941929
942069
942794
949122
950612
951045
952326
953134
955799
956745
957114
957180
957330
959885
960411
960625
960761
962362
965098
965113
965442
965882
967121
967465
969030
970325
970389
970669
971669
972485
972709
973365
973380
974065
974727
976374
976440
976590
977134
977870
979215
979965
980136
980345
980745
981345
982165
983125
983306
983639
984510
984910
985289
985790
986517
986783
988005
988965
990069
990189
990469
990509
990599
991069
992102
993270
993430
994327
996533
997841
998597
999522
