3341
3573
3898
4177
4229
4581
6189
6973
7488
7661
7733
8685
9613
10054
10120
10293
11437
12593
15981
18853
23420
23808
24109
25373
25470
25649
26370
29638
29704
31993
32133
32141
33765
39296
41165
43173
43345
45229
45405
46186
49485
51240
55441
58573
59662
60608
60761
61870
62989
63197
65469
68213
70317
77338
77404
78589
92405
94026
98061
98453
101813
110849
110981
111078
114413
117741
117749
119006
120845
121196
129654
129720
135516
138465
142133
143514
152973
156957
160529
166638
170318
173981
180397
190766
197053
197366
197421
201425
201797
203493
206221
210313
212374
220053
223613
224005
233373
235142
235421
242525
246961
252096
257141
257213
259070
282213
289536
292717
312573
324437
324909
332622
338778
347013
355606
358285
369605
376093
382125
397154
400781
402826
406205
412473
421158
425153
428082
429117
433970
476649
479750
482861
483117
510477
531693
538861
543261
552725
560033
593194
611237
611885
649469
669698
677058
688861
697709
717266
726294
750842
775798
789165
793892
797153
797893
805925
806496
815493
828442
836626
854646
859421
868673
881258
891262
918434
925536
946014
965170
969581
974261
