173
8136
16893
17669
18517
21908
25133
25407
26821
30877
31936
35358
36045
36552
36823
38077
38758
39061
39853
39943
40001
41805
41868
43101
44863
47808
47997
51162
53613
53703
54631
58070
62586
65241
68463
72294
72705
73693
73725
74600
74871
76401
78652
79125
79213
79314
79445
81661
84717
84906
92877
95206
95965
96221
99057
99277
100430
101376
105265
106722
106965
107181
108189
111705
111808
112567
113016
116623
118337
125865
126750
135913
138958
142125
142938
143226
144132
145837
146941
149597
150886
153918
155490
155578
157778
161856
163302
163861
164559
165306
166093
169117
171738
172821
173785
174231
176913
178426
183265
183973
183988
185786
189477
189666
193397
195706
196293
204077
204646
208317
208566
209133
217602
220890
224701
226830
226918
230742
231705
236250
236745
238433
243303
252762
253178
254358
257517
265236
272826
277773
279702
285498
288378
288621
293210
305046
308866
309137
314973
316186
317313
319185
321831
330821
336186
344911
353241
359053
359085
362746
370413
370917
371106
376021
383413
387993
397458
406698
410091
412416
413498
419093
421543
425457
428386
443808
444285
444474
446566
450837
457437
460026
463521
464085
464274
477525
483930
488853
493722
494493
497461
497650
518401
525666
527418
535878
553218
556986
567261
567351
579132
590049
626957
631170
634737
643229
651298
662682
666526
682425
682528
690730
700821
706221
719446
722077
722970
724453
730425
734262
750208
755757
758983
763573
768222
781710
788886
790573
794385
806229
807162
811006
832833
860058
868205
868977
878133
878221
878322
890973
897061
900943
904653
933277
941242
969885
984822
993742
999045
