0
5
20
29
45
80
101
116
135
145
165
173
236
257
397
404
445
477
540
565
580
585
629
666
836
845
885
909
944
949
954
975
1125
1177
1305
1310
1350
1380
1440
1445
1616
1649
1654
1669
1818
1833
1901
1918
1937
1988
2210
2263
2280
2320
2325
2340
2405
2501
2516
2541
2586
2612
2705
2845
2861
3039
3079
3150
3185
3188
3341
3365
3380
3389
3405
3573
3601
3621
3625
3630
3654
3705
3860
3898
4053
4105
4177
4229
4239
4541
4581
4693
4708
4813
4901
4921
4930
4981
5036
5220
5225
5265
5289
5381
5415
5485
5746
5917
5981
5998
6189
6245
6414
6449
6452
6570
6768
6973
7105
7110
7125
7255
7311
7410
7488
7517
7580
7605
7640
7661
7695
7705
7733
7748
7975
8090
8109
8130
8136
8164
8365
8465
8516
8685
8769
8775
8845
9066
9096
9280
9285
9300
9360
9461
9495
9605
9613
9668
10016
10054
10120
10164
10169
10253
10293
10448
10568
10673
11221
11380
11437
11453
11745
11750
11790
11880
12130
12236
12241
12316
12357
12373
12555
12565
12585
12593
12769
13005
13026
13060
13255
13389
13460
13520
13556
13605
13965
14010
14045
14500
14505
14520
14601
14616
14645
14857
14936
15709
15981
16065
16130
16893
17036
17101
17165
17545
17550
17565
17625
17669
17680
17700
18164
18261
18421
18517
18853
19517
19604
19609
19649
19684
19705
19720
19749
19769
19861
19885
20233
20338
20353
20372
20490
20520
20877
20880
20885
20900
20925
20981
21029
21066
21145
21517
21524
21735
21908
22365
22455
22485
22701
22965
23420
23685
23700
23770
23808
23837
23924
24109
24505
24510
24525
24621
24770
25133
25292
25373
25407
25445
25470
25489
25611
25621
25641
25649
25808
26005
26298
26313
26370
26433
26821
26893
26910
26948
26950
27185
27229
27509
27597
28420
28425
28440
28449
28500
28565
28605
28661
28705
28725
28817
28936
29145
29285
29559
29600
29638
29704
29869
30125
30285
30320
30641
30877
30879
31025
31030
31045
31261
31714
31820
31825
31900
31936
31993
32133
32141
32365
32520
32625
32630
32645
32654
32775
32910
33485
33765
33860
34141
34554
35358
35513
36045
36121
36169
36396
36535
36552
36655
36823
37120
37125
37140
37149
37285
37445
37837
37844
37980
37989
38077
38151
38286
38316
38710
38758
39061
39133
39225
39296
39353
39617
39853
39943
40001
40064
40169
40254
40818
40825
41012
41093
41157
41165
41261
41295
41417
41805
41868
41905
41910
41925
41934
42006
42021
42036
42061
42690
42860
43045
43101
43145
43173
43273
43345
43408
43617
43935
44101
44109
44114
44154
44244
44274
44345
44863
45085
45229
45405
45489
45805
45812
46114
46186
46236
46980
46985
47000
47009
47160
47189
47305
47418
47576
47785
47808
47905
47965
47997
48105
48255
48401
48486
48718
48766
48845
49428
49485
49569
49893
50220
50245
50260
50634
51130
51162
51225
51240
51250
51265
51613
52104
52240
52280
52345
52350
52365
52374
52425
52615
53290
53305
53329
53613
53703
53840
53876
53895
53905
54205
54325
54631
54805
54810
54825
55041
55202
55441
55669
55693
55822
55860
55865
56005
56025
56096
56221
56313
56453
56460
57005
57090
57861
58000
58005
58020
58029
58070
58245
58335
58365
58565
58573
58917
59185
59367
59590
59605
59662
59725
60608
60761
60845
61625
61798
61813
61870
61933
62554
62586
62649
62674
62689
62861
62961
62989
63053
63070
63197
63421
63469
63945
63950
63965
63974
64020
64025
64300
64530
64552
64597
64810
64945
65241
65301
65316
65461
65469
65537
65588
65744
66305
66690
67111
67654
67669
68175
68185
68205
68213
68463
68605
68625
68653
68660
68997
69295
69660
69837
70062
70180
70185
70200
70209
70236
70317
70501
70516
70765
70856
70877
71017
71065
71185
71200
71425
71730
72214
72294
72705
72805
72829
72845
73044
73069
73125
73189
73281
73505
73693
73725
73877
74583
74600
74703
74871
75090
75097
75696
75725
75841
75954
76093
76401
76705
76710
76725
76781
77300
77338
77404
77569
77730
77745
78285
78416
78421
78436
78589
78652
78820
78861
79045
79125
79213
79314
79445
79778
79842
80710
80725
81205
81229
81441
81661
81817
81865
81960
81985
82309
82330
82345
83334
83520
83805
84101
84116
84236
84629
84685
84717
84825
84906
85305
85350
85385
85845
86625
86721
86765
86856
86877
87017
87029
87309
87493
87737
87945
88220
88834
90361
90405
90653
90895
90991
91205
91290
91522
91570
91665
91820
92277
92367
92405
92470
92585
92877
92929
93301
93316
93321
93599
93954
94026
94990
95206
95348
95377
95517
95533
95965
96141
96221
96589
96701
97980
98061
98415
98453
98797
99057
99080
99125
99277
99645
99826
99905
99982
100430
100780
101047
101313
101376
101477
101775
101805
101813
101897
102037
102085
102205
102444
102469
102484
102829
102889
102974
103095
103210
103332
103615
103738
104525
105045
105192
105265
105417
105636
105641
105901
106290
106325
106328
106642
106722
106810
106825
106965
107055
107181
107670
107792
108189
108241
109101
109189
109194
109209
109218
109290
109305
110225
110849
110981
111053
111078
111097
111625
111705
111808
112137
112389
112567
112586
112855
112965
113016
113126
113989
114005
114245
114260
114269
114285
114385
114413
114644
114685
114820
114825
114869
114965
115085
115365
115405
115479
115636
115744
115749
115896
116158
116623
116994
117393
117408
117741
117749
117973
118337
118400
118804
119006
119029
119199
119516
119802
119970
120034
120250
120290
120845
121105
121125
121196
121540
121545
122077
122471
122511
122525
122530
122554
122605
122626
122641
122761
122929
122970
123105
123154
123212
123692
123759
123990
124100
124105
124120
124129
124180
124265
124608
125786
125820
125850
125865
125921
126559
126750
127182
127227
127285
127381
128269
129077
129616
129654
129720
129885
130046
130061
130615
130805
131180
131245
131640
131665
131965
131985
132507
132545
132752
133126
134397
134469
134773
135516
135885
135913
136165
137026
137074
137194
137209
137474
137604
138085
138393
138465
138528
138737
138958
139140
139165
139229
139549
139575
140045
140130
140410
140530
140679
140855
141250
141430
141905
142052
142125
142133
142405
142805
142938
143226
143442
143514
143655
143790
144132
144414
144549
144761
144805
144913
145232
145505
145757
145837
145933
146073
146305
146620
146941
148296
148686
148901
149140
149165
149221
149285
149377
149597
149700
150025
150394
150596
150862
150886
150973
151093
151302
152130
152604
152649
152705
152933
152973
153325
153557
153918
154485
154520
154530
154767
155410
155490
155578
155957
156314
156461
156601
156621
156885
156900
156957
157041
157778
158415
158453
158700
158962
160169
160174
160361
160436
160491
160529
160853
160945
161085
161092
161605
161856
161865
162162
162258
162393
162727
163270
163302
163365
163390
163405
163774
163861
163950
164309
164349
164469
164559
164701
165037
165044
165180
165306
165594
165925
166093
166207
166465
166485
166494
166545
166600
166638
166869
166910
167045
167094
168116
168345
168536
168745
169085
169117
169205
169825
169865
170105
170190
170318
171714
171738
171954
172101
172145
172296
172389
172479
172509
172821
172929
173092
173317
173524
173632
173637
173785
173885
173941
173981
174231
174447
174793
174954
175852
175857
176345
176436
176441
176481
176601
176913
176976
177001
177021
177975
178309
178345
178426
178729
179650
180244
180325
180397
180481
180677
180711
180833
181116
181557
181837
182234
183238
183265
183785
183973
183988
184162
184509
184909
185000
185021
185161
185209
185329
185344
185649
185713
185786
185797
186245
186798
186813
186832
186933
187094
187500
187918
188357
188367
188640
188645
188685
188756
188785
189037
189085
189236
189477
189666
189855
189954
190196
190245
190304
190537
190766
191090
191359
192153
192162
192657
193065
193317
193397
193505
193681
194129
194321
194461
194533
194602
194825
195030
195658
195706
196205
196210
196293
196602
196925
197053
197277
197366
197421
198061
198461
198895
199161
199245
199690
199705
200830
200929
200934
200960
201425
201488
201653
201670
201797
202021
202069
202536
202581
202649
202881
202905
203121
203274
203289
203370
203415
203493
203545
204077
204646
204853
204862
205335
205345
205677
206221
206305
206445
206957
207002
207061
207309
207378
207601
207977
208190
208254
208317
208566
209133
209789
209794
209813
210145
210169
210313
210685
210965
211149
211736
211854
212201
212221
212230
212281
212374
213530
213810
213914
215297
215437
215485
215580
215605
215620
215625
216182
216261
216269
216309
216399
216549
216729
216759
216855
217143
217170
217205
217208
217522
217602
217690
217705
218074
218455
219220
219225
219240
219249
219300
219385
219728
220005
220053
220237
220557
220562
220890
220971
221370
221729
221770
221850
223014
223080
223230
223460
223613
223800
224005
224701
225594
225921
226750
226830
226918
227297
227583
228125
228528
228889
230359
230409
230589
230661
230742
231045
231270
231705
232945
233373
233780
234175
234445
234910
235014
235085
235142
235421
235516
236250
236745
237653
238213
238360
238433
238585
238865
239205
239670
240114
240144
240149
240154
240169
240385
240546
241095
241135
241865
242525
243303
243325
243340
243345
243645
244077
244117
244122
244345
244565
244570
244585
244594
244610
244666
244681
244969
245055
245111
246270
246334
246360
246765
246961
247145
247205
248448
248922
249671
250014
250294
250429
250734
250758
251217
252096
252125
252212
252493
252725
252762
253178
253822
254015
254358
254382
254750
254982
255746
256765
256785
256877
257017
257060
257085
257120
257141
257175
257185
257213
257485
257517
257625
257949
257994
258015
258089
259070
259230
259399
260186
262148
262429
262612
262976
263365
263927
264260
264730
265236
266310
266565
266724
266745
266760
266901
268047
268345
268444
268677
268945
268994
269045
269415
269530
269652
269935
270231
270454
270661
270800
271270
271376
271605
271695
272605
272700
272740
272745
272826
273109
273114
273465
274585
274606
274640
275134
275350
275914
276116
276429
276525
276865
276961
277005
277096
277117
277257
277425
277489
277705
277773
277925
279225
279230
279245
279254
279360
279670
279702
279765
279790
280986
281481
281605
281629
282045
282213
283045
283060
283065
283424
283429
283605
283985
283990
284005
284014
284030
284225
284230
284365
284663
285007
285498
285705
285714
286255
286661
286959
287269
287297
287348
287504
287897
288378
288621
288687
288837
289536
290074
290257
290513
292176
292500
292717
292801
293210
293828
294117
294169
294605
294885
294975
295110
295140
295990
296005
296865
297255
297445
297461
298001
298125
298265
298497
298812
299045
299295
299670
299700
299983
301265
301270
301719
302669
302674
302784
302789
302829
302900
302929
303181
303229
303637
303685
304085
304873
305046
305262
305358
305493
305850
305880
306255
306300
307117
307745
308301
308316
308829
308866
309137
309200
309604
309965
310695
310740
310830
312282
312573
313457
313664
313669
313684
313744
314061
314068
314500
314757
314973
315082
316186
316210
316578
316810
317313
318087
319185
319277
319311
319433
319716
320125
320130
321274
321346
321380
321831
321850
322119
322750
322765
323070
323094
323630
323832
324437
324661
324901
324909
325581
325621
325861
326093
326162
326385
327742
328400
329625
330265
330789
330821
330909
331649
331654
331694
331945
332260
332265
332550
332565
332622
332894
334314
334380
334530
335045
335060
335205
335525
335565
335685
335917
336186
336404
336836
336949
337305
337605
338527
338740
338778
339009
339170
339185
339730
341220
341225
341365
341385
341456
341760
341785
341805
342174
342269
342289
342549
343009
343014
343054
343359
343837
343842
343925
344242
344425
344911
346257
346957
346973
347013
347365
347597
348301
350550
351720
351905
351945
352407
352880
353000
353241
353304
353349
353649
353889
354606
354701
354925
355417
355534
355606
355837
356062
356269
356377
357543
358117
358285
358509
358865
359053
359085
359237
360484
360549
360758
360846
360966
362746
363580
363645
363735
364029
364045
364585
364897
365345
365677
366125
366310
366445
367617
368049
368122
369025
369369
369567
369605
369833
370193
370340
370413
370885
370917
371025
371106
371325
371349
371394
371415
372121
372249
372384
372389
372613
372674
372770
372804
372834
373066
373209
373234
374150
374485
374625
374630
375965
376021
376065
376093
376365
377377
378165
378241
378246
378695
379215
379582
379630
379750
379765
380030
380160
380565
380625
381135
381575
382068
382125
382209
383413
384295
384416
384421
384625
384630
384645
384729
385174
387202
387373
387913
387993
388133
388597
389457
389497
389502
390217
390342
390429
392185
392194
392794
392965
393805
394745
394789
395005
395540
395655
395805
395857
395985
396125
396981
396986
397026
397116
397154
397458
397521
397866
397890
398452
398457
399317
399465
399892
399913
399928
400069
400733
400781
400965
401285
401290
402037
402210
402240
402300
402514
402769
402788
402826
402889
403050
403759
404154
404550
405150
405549
405605
406205
406698
407125
407405
407514
407535
408005
408229
408757
408895
408975
409990
410005
410091
410270
410334
410374
410870
410930
412300
412305
412380
412416
412473
412745
412840
412885
413145
413498
414650
415182
415265
415582
415765
417069
417159
418100
418245
418477
418645
418661
419093
419570
419793
419988
420462
421065
421158
421337
421342
421543
421759
422477
422626
422641
422946
422970
423506
423730
424575
424585
424605
425115
425125
425145
425153
425457
425545
425565
425825
426157
426495
426870
426900
427338
428010
428025
428082
428145
428386
428474
428745
429036
429117
431649
432569
432702
433113
433585
433970
434033
434194
435287
435774
436329
436334
436505
436756
436761
436776
436785
436801
436891
436901
437405
438688
439162
439297
439705
439710
439845
440410
440860
440905
440926
440960
441454
441670
443029
443401
443808
443909
444285
444388
444474
444717
444757
444900
444925
444989
445309
445335
445485
446566
447037
447205
447591
448191
449525
449833
449969
450061
450201
450405
450495
450525
450837
450945
451335
451537
451860
452565
453290
453373
453375
453420
453510
454220
454330
454877
455841
456429
456545
456980
457040
457076
457125
457357
457405
457437
457525
457805
457909
458085
458137
458365
458429
459353
460002
460026
460113
460233
460442
462175
462471
462790
463189
463489
463521
463584
464085
464274
464785
465349
465477
466130
466783
467247
469197
469239
469901
470701
472177
472690
472773
472815
472950
473260
473385
473430
473465
473925
473965
474014
474230
474334
476141
476481
476505
476649
477061
477425
477525
477677
479000
479060
479065
479269
479438
479622
479693
479750
481095
481700
482165
482170
482341
482394
482626
482861
483117
483309
483829
483930
484420
484425
484725
484965
485017
485145
485150
485190
485220
485741
485861
486065
486070
486085
486927
487594
487874
487909
488090
488405
488853
489159
489197
489777
489917
490100
490105
490120
490201
490216
490245
490504
490729
490945
491044
491225
491565
491655
492334
492692
492909
493093
493245
493250
493265
493274
493380
493690
493722
493785
493810
494493
496400
496405
496420
496429
496445
496516
496545
496985
497029
497241
497461
497650
497829
498477
498517
498522
498745
499505
499570
499666
499681
499970
499985
500140
501573
501582
502182
502353
502555
502638
502972
502977
503311
503357
503725
503957
504152
504361
504481
505221
506441
506751
506919
506993
507080
507240
507502
507950
509045
509901
510186
510309
510477
510701
511481
511850
512201
512206
512550
512665
513542
513910
514343
514647
515487
515610
515645
515650
516370
517429
518237
518277
518401
518464
518868
519229
521602
522042
522730
524797
524965
524980
525245
525285
525629
525666
525909
525949
525954
526649
526654
526669
526901
527418
527537
527889
528057
528820
529199
530302
530473
530758
530845
530945
531525
531693
532830
532969
533429
533434
533474
534061
534269
534377
534382
534397
535031
535631
535878
538861
538945
539085
539597
539642
539865
540250
540421
540606
541455
541737
541892
541985
541990
542005
542014
542086
542101
542430
542525
542614
542830
543110
543180
543261
544583
544645
544874
545193
545393
545457
545549
546879
547641
547896
547961
548334
548349
548629
548689
548845
552037
552120
552439
552725
552949
553218
553572
553797
554004
554112
554117
554837
555089
555094
555721
555911
556295
556906
556986
557074
557345
557634
558477
558567
558743
559285
559865
559940
559995
560033
560705
561045
561065
561325
561785
561790
561830
562716
562754
563221
563386
563618
563801
565590
566134
567261
567351
568165
568170
568685
569220
569741
570599
570679
571622
571790
571854
572070
572110
572605
572670
574093
574700
574765
575160
575185
576133
576202
576425
577530
578070
578429
578470
578590
578870
578969
578974
579132
580665
580725
580730
581485
581605
581697
582173
582637
584014
584537
584641
584865
584966
585519
585615
588585
588965
589333
589565
590049
590877
592145
593021
593026
593041
593101
593156
593194
593866
593906
594495
595885
596560
596884
597325
597565
597965
598774
599140
599429
599697
599994
600185
600346
600636
601545
601901
601941
602177
602187
604173
605665
606653
607261
608399
608654
609045
609054
609158
609184
609654
610032
611237
611732
611813
611877
611885
612548
613314
613665
613670
613710
614009
614178
614655
614657
614677
614945
615230
615326
615360
615390
615622
615765
615790
616070
616279
616455
616850
617965
617970
618426
618777
618849
619385
619405
619565
619965
620375
620525
620710
620996
621229
622522
622537
622605
622641
623070
623910
624154
624169
625029
625897
626485
626581
626957
627540
628785
628790
628805
628969
630436
631090
631170
631322
631637
632701
633625
633910
633997
634405
634705
634737
634800
635105
635485
635500
635505
635805
636365
636885
636890
636930
637020
637857
637938
638450
640105
640136
640601
641444
643229
644368
644653
644861
645065
645070
645085
645679
647262
647302
648369
649301
649316
649341
649469
650065
650080
650800
651298
652450
652916
652969
653118
653585
653750
653982
654165
654430
655230
656541
656913
657221
657261
657805
657917
658842
659396
659940
660176
660214
660902
661050
661133
661935
662367
662650
662682
662745
662770
662785
663154
663330
663821
664229
665319
665860
665865
665905
665940
665961
665976
666005
666025
666117
666526
667300
667305
667476
667490
668185
669149
669570
669698
669970
670090
670105
670650
670832
673229
673345
673645
674045
674325
674509
675685
675940
676497
676840
676885
676914
677058
677289
677450
677503
677647
680919
681399
681409
681429
682345
682425
682528
682857
682897
683617
684895
685636
685758
685773
685792
685893
686054
686502
687252
688161
688861
688930
689521
690730
691374
692368
692585
692653
693110
693185
693930
693960
694335
694380
695610
695865
696810
696945
697455
697671
697709
698381
699172
699877
700569
700738
700821
701245
702385
702610
702925
703985
705015
705077
705649
705744
705749
705764
705789
705845
705889
705909
706221
706329
706629
706653
707049
707285
707325
707565
708094
708650
708839
709522
709618
709753
710082
710353
710362
710660
711655
713380
713445
714029
714145
714445
714954
715350
715654
716005
716010
716145
717266
717610
717663
718375
719446
720815
720853
721017
721605
721701
722077
722485
722701
722708
722844
722970
723258
723429
723481
723609
723684
723973
724453
724662
724826
725975
726222
726294
726525
726750
726957
727065
727663
729167
730345
730425
730857
731221
731241
732006
732474
732489
733182
733197
733265
733805
733830
733920
734262
734365
734575
734940
735439
736180
737193
737637
738349
739621
739636
739641
740000
740005
740181
741044
742439
743362
743802
744533
746665
746670
746685
746750
747045
747192
747328
747697
748389
748479
749158
749714
749909
749951
750157
750208
750714
750785
750842
751514
752223
753375
753545
753550
754385
754430
754580
754725
755125
755325
755415
755445
755757
755865
756255
756457
756909
756944
756949
756954
757125
757305
757649
757818
757833
758466
758626
758657
758930
758983
759125
760470
760750
760854
761345
761350
763573
764077
764360
764405
764665
764705
764945
764997
765130
765265
765669
767039
767846
767880
767910
767981
768222
768630
769420
769425
770734
771460
771725
771845
771937
772565
772805
773317
773362
774241
774441
774486
774790
774805
775625
775630
775645
775654
775670
775741
775798
776029
776490
776895
776935
777330
778029
778060
778525
779490
779625
780135
780447
781710
782945
784359
785957
785962
786682
787735
788886
789012
789093
789165
789249
790357
790573
790682
791546
792674
792804
792986
793061
793826
793892
794385
794694
796782
796980
797153
797425
797458
797520
797535
797725
797740
797885
797893
798349
798605
798674
799305
799765
799770
799810
800397
800865
801701
801866
802316
802706
802870
803417
804374
804461
805495
805925
806229
806317
806458
806473
806496
806525
806612
806893
807125
807162
808112
808165
808215
808365
808417
808545
808685
809177
809645
810309
810324
810529
810534
810549
810558
810574
810630
810645
810933
811006
811069
811094
811109
811374
811414
811473
811815
811855
812585
813485
813675
813690
813922
814009
814522
814537
814673
814829
815493
815900
816295
816700
817684
817886
818005
818630
818705
818861
819026
819079
819096
819221
820350
821010
821565
821570
821741
822465
822693
823085
823138
825369
826093
827445
827535
827650
828101
828269
828274
828289
828385
828442
828505
828834
828849
829218
829932
830841
831605
831620
831629
831645
831765
832040
832097
832278
832293
832318
832833
833265
833310
835013
835517
835522
835537
836626
837082
837346
837615
838186
838516
838521
839409
839585
840232
840470
840661
840676
840817
841325
841465
841485
842165
842205
842925
844290
844405
844485
844777
845050
846766
846781
849965
850568
850729
850897
851642
851981
852050
852273
853637
853797
854070
854265
854401
854446
854472
854589
854608
854646
854709
854870
855636
856183
856855
859383
859421
859493
859537
860058
861809
861814
861829
862480
862485
862500
862865
863021
863575
863671
863959
864135
864530
864954
865161
865300
865770
865994
867415
867681
868205
868635
868645
868665
868673
868977
869065
869085
869345
869677
869940
871090
871858
872545
872685
873130
874125
875669
876496
876845
876880
876885
876900
876909
876925
876996
877025
877465
877716
877725
878053
878133
878221
878322
878565
879310
880333
880420
880933
881114
881258
881489
881530
883616
884629
885682
886215
886525
886645
886665
886925
887205
887400
887445
887745
887769
887985
888210
889850
889903
890973
891190
891205
891262
891325
891925
892534
892990
893221
893316
894134
894645
894709
894916
895357
895429
897061
897930
898100
898375
898517
898653
898729
899508
899622
899813
899974
900943
902300
902818
903429
903841
904521
904653
904725
906356
906589
908410
908463
910130
910265
910521
910629
911301
911965
912010
912991
913181
913321
913341
913988
914225
914365
914372
914912
914917
915617
915622
915637
915885
916065
916110
916140
916578
916970
917165
917703
918053
918093
918164
918434
919999
920671
921380
922129
922174
922254
922461
922644
922709
923409
923449
923525
923805
923989
925536
925805
925810
925825
927281
927322
927453
927538
927810
928215
928255
929055
929382
929417
929422
930142
931481
931534
931591
932029
932145
932845
932909
932949
933197
933277
933645
933685
934180
934245
935010
935418
935433
935810
935863
936380
937105
937582
938582
939927
940685
940725
940815
941021
941242
941629
941649
941741
941881
941929
942064
942069
942661
942794
944551
944910
944925
945029
945080
945704
946014
946470
949122
950065
950605
950612
951045
951061
951601
951901
952326
952660
953134
953761
954340
954533
954895
955415
955799
956745
957114
957154
957180
957330
957645
958455
959225
959885
960041
960411
960596
960601
960616
960625
960676
960761
962362
963057
964540
964925
965098
965113
965170
965442
965882
967121
967465
969030
969126
969237
969581
969885
970229
970269
970325
970369
970389
970481
970669
971401
971669
972161
972217
972345
972480
972485
972709
973028
973360
973365
973380
974065
974261
974727
976374
976440
976590
977134
977870
977981
978895
979215
979965
980136
980345
980529
980745
980849
981345
981549
981801
982165
982657
983125
983306
983639
983780
984425
984510
984822
984910
984925
985289
985294
985790
986517
986607
986783
987447
988005
988252
988820
988965
989197
989636
989744
989977
990069
990189
990469
990509
990599
991069
991834
992097
992102
992436
992949
993060
993270
993430
993742
993894
994327
994927
996357
996533
997180
997418
997841
998597
999045
999522
