477
666
5036
5289
6768
7311
7705
8769
8845
9668
10673
12130
12236
12769
14857
16065
17036
19861
20233
21066
21517
22701
22965
23770
25292
25808
26005
26950
27185
27597
28817
30641
31714
31820
32365
34141
36121
37837
38710
39617
40818
41417
45489
45805
47418
48718
48845
49569
49893
53329
54325
55202
55822
56313
56453
58917
59185
60845
61625
63421
64552
64597
65461
68653
70062
70877
71017
71425
72214
73281
73505
73877
75090
75954
76093
76781
79045
81205
81441
81817
83334
84236
84629
86877
87017
87493
87737
88834
90405
90653
91522
94990
96141
96701
98797
99826
101047
101313
101897
102037
103332
103738
105045
105417
106642
108241
110225
111625
113126
114005
114869
115636
116158
116994
117973
119516
119802
120034
121540
122077
123154
123212
124608
128269
130615
131180
132507
132752
133126
137026
139229
141905
144761
144805
145757
145933
146073
146305
149377
150596
152130
153325
153557
155410
156461
157041
158453
158962
160436
160945
161085
164701
165037
166600
167094
168536
173317
173524
174954
176345
177001
178309
180481
180833
181557
183238
183785
184162
185021
185161
185797
187094
189037
190196
190537
192153
193317
193681
194321
194461
194825
195658
198461
199161
199705
202021
202649
203415
203545
204853
205345
206305
206445
207061
207601
207977
209813
211149
211736
212201
215297
215437
216182
217143
217522
218074
219728
220005
220237
220562
225594
226750
227583
228528
228889
230359
231270
238213
238585
240546
244345
244969
245111
247145
248448
248922
252493
252725
254750
254982
256877
257017
257185
257485
258089
262429
264730
266901
268677
269652
270231
270454
270661
271376
271695
275134
276116
277117
277257
277489
277925
284225
285007
285705
286661
287897
290074
290513
292801
293828
294169
296865
297461
298001
298125
298265
298497
299045
302669
303181
303637
304873
308829
312282
313457
314061
314500
314757
316578
316810
318087
319433
321274
323832
324661
326385
328400
330265
332260
335060
335205
335917
336836
344242
346257
347365
347597
356062
356269
358509
358865
359237
363735
364045
364585
364897
365677
368049
370193
372121
372384
373066
379582
380625
381135
382209
384416
387913
392185
392794
394789
395857
399465
400069
400733
400965
401290
402037
402300
402889
403050
408757
412300
414650
415182
415582
417159
418477
419793
419988
421337
422477
426157
427338
428745
431649
432569
433113
434194
436329
436891
438688
439162
439705
440860
441454
444989
448191
449833
450061
450201
451537
453290
453373
454220
454330
454877
457357
457909
458137
459353
464785
465349
469239
470701
472690
472773
473260
474014
477677
479000
479060
479438
482165
482626
485017
485741
487594
488405
489777
489917
490729
492334
492692
493093
497241
498745
499505
499970
499985
500140
501573
502182
502555
502638
503311
503725
503957
505221
506441
506993
507080
507502
510186
510701
512201
512665
513910
518237
524797
525629
526901
527537
530758
530845
534061
535631
538945
539085
539865
541737
541892
542614
544583
544645
545193
545549
548334
548349
552439
552949
553797
554004
555721
556906
557345
558567
559285
559940
563618
569741
571622
571854
574700
576425
580725
581697
584537
584641
588585
589333
589565
592145
594495
597965
599697
599994
600346
601901
606653
607261
608399
609045
610032
612548
614178
614945
615622
617965
618426
619385
621229
622522
622537
622605
622641
625029
628969
630436
631090
631322
633910
633997
637020
638450
640136
640601
644653
645679
649301
649316
650800
652450
653118
653982
656913
657221
657805
658842
659396
661050
661133
662367
666117
667300
669149
670832
674509
676497
676840
677450
677503
680919
682345
684895
686054
686502
688161
688930
692585
692653
697455
700738
702610
705649
708650
710353
711655
717610
717663
721017
722701
723481
724826
725975
726750
726957
727663
730345
732474
732489
733182
733197
733265
737193
741044
747045
749158
749714
750157
752223
753375
753545
754385
756457
757818
757833
758657
758930
761345
764077
764997
770734
771460
771937
772805
774241
778060
778525
782945
787735
789249
790357
791546
792674
797458
797885
798349
800397
801701
802316
802870
803417
804374
804461
805495
806317
806458
806473
806893
807125
808112
808417
809177
810933
813485
813922
814009
814522
814537
814829
816700
817886
818005
819026
819079
819096
821565
822693
823085
823138
825369
826093
827445
830841
831629
831765
832040
832278
832293
835013
837082
838516
839409
840232
840470
840817
841325
842165
844290
844777
845050
849965
850729
852273
853637
853797
854070
854472
854709
854870
855636
859383
863959
864954
865161
869677
869940
871090
872545
874125
875669
876496
876845
877716
878053
880333
880420
880933
884629
885682
889850
889903
891925
892990
894134
894916
897930
898100
898375
898517
898729
899508
899622
899974
902300
903429
906589
908410
908463
910521
911965
912991
914225
914365
914372
914912
916578
916970
918053
918164
922129
922461
923989
927453
931481
931534
933197
935010
935418
935433
935810
935863
936380
939927
941021
941741
941881
942661
944551
944910
944925
945029
945080
945704
946470
950065
950605
951061
951601
951901
952660
953761
954340
954533
954895
957645
958455
959225
960041
964925
969126
969237
970481
971401
972161
972217
972480
973028
977981
978895
980529
981801
982657
983780
986607
987447
988252
989197
989636
989744
989977
991834
992436
992949
993060
993894
994927
996357
997180
997418
